COSMOS 1408 DEB         
1 49537U 82092AA  25286.63324875  .00235225  00000+0  15395-2 0  9993
2 49537  82.5317 160.7609 0039574 117.3422 243.1879 15.74035129216283
COSMOS 1408 DEB         
1 50032U 82092RU  25286.88178862  .00006485  00000+0  13674-3 0  9998
2 50032  82.5616 119.8216 0017828  72.4450 287.8744 15.44827152216790
COSMOS 1408 DEB         
1 50058U 82092SW  25286.77050941  .00032105  00000+0  40035-3 0  9990
2 50058  82.6103 131.8847 0016777 327.1819  32.8394 15.59553490218681
COSMOS 1408 DEB         
1 50404U 82092ADS 25286.70126764  .00103722  00000+0  50326-2 0  9992
2 50404  82.2113 275.8387 0222205  44.4298 317.4509 14.98997888202897
COSMOS 1408 DEB         
1 50621U 82092ALR 25286.55816171  .00025944  00000+0  40890-3 0  9999
2 50621  82.5702 136.6398 0031750  17.3845 342.8486 15.52802518213154
